lc@px ~/env/sb/slambook2/ch9 (devBA_3cameras)$ ./build/bundle_adjustment_ceres 3cameras/problem-16-22106-3cam.txt
Header: 3 15225 23341bal problem file loaded...
bal problem have 3 cameras and 15225 points. 
Forming 23341 observations. 
Solving ceres BA ... 
iter      cost      cost_change  |gradient|   |step|    tr_ratio  tr_radius  ls_iter  iter_time  total_time
   0  2.157497e+05    0.00e+00    5.52e+06   0.00e+00   0.00e+00  1.00e+04        0    1.19e+00    1.22e+00
   1  1.398598e+04    2.02e+05    5.04e+06   1.12e+02   1.79e+00  3.00e+04        1    1.21e+00    2.43e+00
   2  3.118916e+03    1.09e+04    2.61e+06   1.01e+02   1.16e+00  9.00e+04        1    1.27e+00    3.70e+00
   3  2.330366e+03    7.89e+02    1.40e+06   1.09e+02   3.58e-01  8.80e+04        1    1.25e+00    4.95e+00
   4  1.067563e+03    1.26e+03    1.10e+06   6.98e+01   8.18e-01  1.18e+05        1    1.25e+00    6.20e+00
   5  7.821143e+02    2.85e+02    8.92e+05   5.73e+01   5.43e-01  1.18e+05        1    1.24e+00    7.44e+00
   6  5.444637e+02    2.38e+02    3.67e+05   3.61e+01   8.61e-01  1.90e+05        1    1.24e+00    8.69e+00
   7  5.122973e+02    3.22e+01    2.55e+05   3.04e+01   6.14e-01  1.92e+05        1    1.24e+00    9.93e+00
   8  4.902128e+02    2.21e+01    7.36e+04   1.63e+01   9.37e-01  5.76e+05        1    1.24e+00    1.12e+01
   9  4.879017e+02    2.31e+00    5.08e+04   1.36e+01   7.87e-01  7.10e+05        1    1.24e+00    1.24e+01
  10  4.866825e+02    1.22e+00    4.83e+03   4.19e+00   1.14e+00  2.13e+06        1    1.25e+00    1.37e+01
  11  4.863833e+02    2.99e-01    4.33e+02   1.28e+00   1.89e+00  6.39e+06        1    1.25e+00    1.49e+01
  12  4.861313e+02    2.52e-01    9.32e+01   1.60e-01   1.98e+00  1.92e+07        1    1.25e+00    1.62e+01
  13  4.859107e+02    2.21e-01    9.10e+01   1.81e-02   1.99e+00  5.75e+07        1    1.25e+00    1.74e+01
  14  4.857162e+02    1.94e-01    1.02e+02   1.55e-02   1.99e+00  1.73e+08        1    1.24e+00    1.86e+01
  15  4.855480e+02    1.68e-01    9.40e+01   1.36e-02   1.99e+00  5.18e+08        1    1.24e+00    1.99e+01
  16  4.854009e+02    1.47e-01    8.69e+01   1.18e-02   2.00e+00  1.55e+09        1    1.63e+00    2.15e+01
  17  4.852729e+02    1.28e-01    8.11e+01   1.03e-02   1.99e+00  4.66e+09        1    1.23e+00    2.28e+01
  18  4.851625e+02    1.10e-01    7.66e+01   9.09e-03   2.00e+00  1.40e+10        1    1.22e+00    2.40e+01
  19  4.850784e+02    8.41e-02    2.05e+02   7.85e-03   1.76e+00  4.19e+10        1    1.24e+00    2.52e+01
  20  4.850221e+02    5.63e-02    1.46e+02   6.25e-03   1.93e+00  1.26e+11        1    1.26e+00    2.65e+01
  21  4.849949e+02    2.71e-02    4.56e+01   4.90e-03   1.55e+00  3.77e+11        1    1.22e+00    2.77e+01
  22  4.849773e+02    1.76e-02    3.05e+01   4.20e-03   1.98e+00  1.13e+12        1    1.22e+00    2.89e+01
  23  4.849599e+02    1.74e-02    2.24e+01   3.95e-03   2.00e+00  3.40e+12        1    1.22e+00    3.01e+01
  24  4.849427e+02    1.73e-02    2.17e+01   4.06e-03   2.00e+00  1.02e+13        1    1.22e+00    3.13e+01
  25  4.849262e+02    1.65e-02    6.04e+01   3.99e-03   1.92e+00  3.06e+13        1    1.22e+00    3.26e+01
  26  4.849110e+02    1.52e-02    6.02e+01   4.14e-03   1.99e+00  9.17e+13        1    1.23e+00    3.38e+01
  27  4.848960e+02    1.50e-02    5.98e+01   4.15e-03   2.00e+00  2.75e+14        1    1.22e+00    3.50e+01
  28  4.848813e+02    1.47e-02    5.96e+01   3.95e-03   1.98e+00  8.25e+14        1    1.22e+00    3.62e+01
  29  4.848675e+02    1.38e-02    5.92e+01   3.95e-03   1.98e+00  2.48e+15        1    1.22e+00    3.74e+01
  30  4.848540e+02    1.35e-02    5.86e+01   3.91e-03   2.00e+00  7.43e+15        1    1.26e+00    3.87e+01
  31  4.848410e+02    1.30e-02    3.26e+01   4.00e-03   1.95e+00  1.00e+16        1    1.29e+00    4.00e+01
  32  4.848302e+02    1.08e-02    1.93e+01   4.04e-03   1.91e+00  1.00e+16        1    1.47e+00    4.15e+01
  33  4.848204e+02    9.74e-03    2.64e+01   7.82e-03   2.03e+00  1.00e+16        1    1.43e+00    4.29e+01
  34  4.848124e+02    8.06e-03    9.07e+01   1.23e-02   2.56e+00  1.00e+16        1    1.26e+00    4.42e+01
  35  4.848124e+02    0.00e+00    9.07e+01   0.00e+00   0.00e+00  5.00e+15        1    1.34e-02    4.42e+01
  36  4.848045e+02    7.91e-03    3.81e+01   2.38e-02   2.61e+00  1.00e+16        1    1.27e+00    4.54e+01
  37  4.848045e+02    0.00e+00    3.81e+01   0.00e+00   0.00e+00  5.00e+15        1    1.31e-02    4.55e+01
  38  4.847967e+02    7.77e-03    1.22e+02   3.20e-02   2.66e+00  1.00e+16        1    1.26e+00    4.67e+01
  39  4.847967e+02    0.00e+00    1.22e+02   0.00e+00   0.00e+00  5.00e+15        1    1.30e-02    4.67e+01
  40  4.847895e+02    7.21e-03    1.23e+02   3.09e-02   3.00e+00  1.00e+16        1    1.26e+00    4.80e+01
  41  4.847895e+02    0.00e+00    1.23e+02   0.00e+00   0.00e+00  5.00e+15        1    1.30e-02    4.80e+01
  42  4.847895e+02    0.00e+00    1.23e+02   0.00e+00   0.00e+00  1.25e+15        1    1.25e-02    4.80e+01
  43  4.847802e+02    9.26e-03    1.03e+02   8.17e-02   2.06e+00  3.75e+15        1    1.27e+00    4.93e+01
  44  4.847694e+02    1.08e-02    6.92e+01   3.27e-02   1.77e+00  1.00e+16        1    1.28e+00    5.06e+01
^F  45  4.847569e+02    1.25e-02    2.74e+01   1.51e-02   1.59e+00  1.00e+16        1    1.27e+00    5.18e+01
  46  4.847473e+02    9.53e-03    7.88e+01   3.01e-02   1.92e+00  1.00e+16        1    1.26e+00    5.31e+01
  47  4.847473e+02    0.00e+00    7.88e+01   0.00e+00   0.00e+00  5.00e+15        1    1.31e-02    5.31e+01
  48  4.847473e+02    0.00e+00    7.88e+01   0.00e+00   0.00e+00  1.25e+15        1    1.27e-02    5.31e+01
  49  4.847364e+02    1.10e-02    5.29e+01   4.69e-02   1.54e+00  3.75e+15        1    1.27e+00    5.44e+01
  50  4.847306e+02    5.78e-03    6.43e+01   2.86e-02   2.77e+00  1.00e+16        1    1.26e+00    5.57e+01

Solver Summary (v 2.0.0-eigen-(3.3.7)-lapack-suitesparse-(5.7.1)-cxsparse-(3.2.0)-eigensparse-no_openmp)

                                     Original                  Reduced
Parameter blocks                        15228                    15228
Parameters                              45702                    45702
Residual blocks                         23341                    23341
Residuals                               46682                    46682

Minimizer                        TRUST_REGION

Sparse linear algebra library    SUITE_SPARSE
Trust region strategy     LEVENBERG_MARQUARDT

                                        Given                     Used
Linear solver                    SPARSE_SCHUR             SPARSE_SCHUR
Threads                                     1                        1
Linear solver ordering              AUTOMATIC                  15225,3
Schur structure                         2,3,9                    2,3,9

Cost:
Initial                          2.157497e+05
Final                            4.847306e+02
Change                           2.152650e+05

Minimizer iterations                       51
Successful steps                           44
Unsuccessful steps                          7

Time (in seconds):
Preprocessor                         0.032369

  Residual only evaluation           0.177644 (43)
  Jacobian & residual evaluation    54.696741 (44)
  Linear solver                      0.598383 (50)
Minimizer                           55.627401

Postprocessor                        0.001376
Total                               55.661146

Termination:                   NO_CONVERGENCE (Maximum number of iterations reached. Number of iterations: 50